0.000000000000000000e+00 5.600000000000000000e+02 5.000000000000000000e+02 0.000000000000000000e+00
1.000000000000000000e+00 5.637489668049703369e+02 5.025513195211072457e+02 4.534752849224844340e+00
2.000000000000000000e+00 5.673837953460570134e+02 5.054022333123160706e+02 4.619490011679099339e+00
3.000000000000000000e+00 5.708865365999660071e+02 5.085474516004288716e+02 4.707610261238165172e+00
4.000000000000000000e+00 5.742394917098471296e+02 5.119807291373912790e+02 4.798927235819347104e+00
5.000000000000000000e+00 5.774252596494580985e+02 5.156948771328097791e+02 4.893261968965536113e+00
6.000000000000000000e+00 5.804267843177480017e+02 5.196817774681667288e+02 4.990443328845862503e+00
7.000000000000000000e+00 5.832274009577128027e+02 5.239323991656522139e+02 5.090308279385623358e+00
8.000000000000000000e+00 5.858108817946526869e+02 5.284368170796969935e+02 5.192701992142756851e+00
9.000000000000000000e+00 5.881614807904614963e+02 5.331842327745134753e+02 5.297477835582395045e+00
1.000000000000000000e+01 5.902639774122827703e+02 5.381629975462477660e+02 5.404497265891818003e+00
1.100000000000000000e+01 5.921037193157922047e+02 5.433606375437187808e+02 5.513629640703050505e+00
1.200000000000000000e+01 5.936666638454923941e+02 5.487638809371806019e+02 5.624751974257049980e+00
1.300000000000000000e+01 5.949394182567349390e+02 5.543586870801048008e+02 5.737748649796333034e+00
1.400000000000000000e+01 5.959092785667187400e+02 5.601302776046439931e+02 5.852511102410021593e+00
1.500000000000000000e+01 5.965642669444323474e+02 5.660631693872190908e+02 5.968937483228275553e+00
1.600000000000000000e+01 5.968931675524224829e+02 5.721412093165769193e+02 6.086932313801790784e+00
1.700000000000000000e+01 5.968855607563656349e+02 5.783476107927011753e+02 6.206406137708298409e+00
1.800000000000000000e+01 5.965318556216909656e+02 5.846649918811372117e+02 6.327275174893504328e+00
1.900000000000000000e+01 5.958233206199477081e+02 5.910754150436148393e+02 6.449460982960224520e+00
2.000000000000000000e+01 5.947521124712144456e+02 5.975604283623350739e+02 6.572890128542466570e+00
2.100000000000000000e+01 5.933113030526149032e+02 6.041011081719261711e+02 6.697493871017513811e+00
2.200000000000000000e+01 5.914949043069161689e+02 6.106781030098919700e+02 6.823207860090843901e+00
2.300000000000000000e+01 5.892978910892463773e+02 6.172716787933603655e+02 6.949971848213182923e+00
2.400000000000000000e+01 5.867162218941554102e+02 6.238617651271109708e+02 7.077729418335226619e+00
2.500000000000000000e+01 5.837468574095616987e+02 6.304280026452239554e+02 7.206427727150391149e+00
2.600000000000000000e+01 5.803877768485651814e+02 6.369497912862420890e+02 7.336017263705020497e+00
2.700000000000000000e+01 5.766379920146500808e+02 6.434063393994924809e+02 7.466451623052003050e+00
2.800000000000000000e+01 5.724975590604449280e+02 6.497767135781704155e+02 7.597687294475595543e+00
2.900000000000000000e+01 5.679675879049476634e+02 6.560398891129547110e+02 7.729683463710319558e+00
3.000000000000000000e+01 5.630502492789412372e+02 6.621748009582973964e+02 7.862401828508955859e+00
3.100000000000000000e+01 5.577487793732144610e+02 6.681603951021280636e+02 7.995806426870700534e+00
3.200000000000000000e+01 5.520674820691631339e+02 6.739756802285232880e+02 8.129863477223576496e+00
3.300000000000000000e+01 5.460117287363499372e+02 6.795997795619264252e+02 8.264541229848383352e+00
3.400000000000000000e+01 5.395879555866565624e+02 6.850119827807618549e+02 8.399809828841048542e+00
3.500000000000000000e+01 5.328036585797465250e+02 6.901917978877728501e+02 8.535641183929179476e+00
3.600000000000000000e+01 5.256673858796669947e+02 6.951190029241238335e+02 8.672008851479702685e+00
3.700000000000000000e+01 5.181887278675404787e+02 6.997736974142505915e+02 8.808887924066247876e+00
3.800000000000000000e+01 5.103783047204235572e+02 7.041363534286091408e+02 8.946254927992999484e+00
3.900000000000000000e+01 5.022477515715312961e+02 7.081878661518790068e+02 9.084087728208038115e+00
4.000000000000000000e+01 4.938097012721267447e+02 7.119096038447991077e+02 9.222365440069191678e+00
4.100000000000000000e+01 4.850777647804533785e+02 7.152834570886776646e+02 9.361068347461610983e+00
4.200000000000000000e+01 4.760665092081243301e+02 7.182918872026974668e+02 9.500177826797392200e+00
4.300000000000000000e+01 4.667914335593773671e+02 7.209179737254503380e+02 9.639676276460878768e+00
4.400000000000000000e+01 4.572689422035376197e+02 7.231454608536669184e+02 9.779547051290922610e+00
4.500000000000000000e+01 4.475163161258968785e+02 7.249588027328630915e+02 9.919774401725334201e+00
4.600000000000000000e+01 4.375516820070113795e+02 7.263432074965948004e+02 1.006034341725468551e+01
4.700000000000000000e+01 4.273939791851237260e+02 7.272846799532026125e+02 1.020123997386276926e+01
4.800000000000000000e+01 4.170629245610222711e+02 7.277700628213227674e+02 1.034245068515352273e+01
4.900000000000000000e+01 4.065789755091563507e+02 7.277870764180470360e+02 1.048396285688736107e+01
5.000000000000000000e+01 3.959632908632144108e+02 7.273243567064204171e+02 1.062576444467012671e+01
5.100000000000000000e+01 3.869559594647720360e+02 7.229821627383448686e+02 9.999333346666544386e+00
5.200000000000000000e+01 3.781294744164101758e+02 7.182832448768790528e+02 9.999333346666537281e+00
5.300000000000000000e+01 3.694979562113231850e+02 7.132351203882190021e+02 9.999333346666551492e+00
5.400000000000000000e+01 3.610752134373468607e+02 7.078458651946707505e+02 9.999333346666526623e+00
5.500000000000000000e+01 3.528747206861635277e+02 7.021241009548975853e+02 9.999333346666555045e+00
5.600000000000000000e+01 3.449095969968300324e+02 6.960789812711050217e+02 9.999333346666546163e+00
5.700000000000000000e+01 3.371925848681135562e+02 6.897201770452304572e+02 9.999333346666540834e+00
5.800000000000000000e+01 3.297360298732119190e+02 6.830578610075629058e+02 9.999333346666466227e+00
5.900000000000000000e+01 3.225518609094698945e+02 6.761026914425440282e+02 9.999333346666539057e+00
6.000000000000000000e+01 3.156515711146886360e+02 6.688657951377876998e+02 9.999333346666576361e+00
6.100000000000000000e+01 3.090461994805564814e+02 6.613587495835927257e+02 9.999333346666540834e+00
6.200000000000000000e+01 3.027463131926172082e+02 6.535935644514279375e+02 9.999333346666540834e+00
6.300000000000000000e+01 2.967619907250275446e+02 6.455826623810204410e+02 9.999333346666539057e+00
6.400000000000000000e+01 2.911028057171480441e+02 6.373388591067816833e+02 9.999333346666569255e+00
6.500000000000000000e+01 2.857778116577632090e+02 6.288753429553660226e+02 9.999333346666526623e+00
6.600000000000000000e+01 2.807955274014296378e+02 6.202056537471620459e+02 9.999333346666558597e+00
6.700000000000000000e+01 2.761639235401269730e+02 6.113436611354677552e+02 9.999333346666551492e+00
6.800000000000000000e+01 2.718904096520104758e+02 6.023035424180043265e+02 9.999333346666540834e+00
6.900000000000000000e+01 2.679818224476667865e+02 5.930997598562638586e+02 9.999333346666549716e+00
7.000000000000000000e+01 2.644444148328354345e+02 5.837470375389762012e+02 9.999333346666547939e+00
7.100000000000000000e+01 2.612838459050934148e+02 5.742603378267081098e+02 9.999333346666444911e+00
7.200000000000000000e+01 2.585051719005062978e+02 5.646548374152777114e+02 9.999333346666546163e+00
7.300000000000000000e+01 2.561128381047293487e+02 5.549459030562792350e+02 9.999333346666544386e+00
7.400000000000000000e+01 2.541106717414984075e+02 5.451490669735582060e+02 9.999333346666551492e+00
7.500000000000000000e+01 2.525018758498886484e+02 5.352800020149668399e+02 9.999333346666544386e+00
7.600000000000000000e+01 2.512890241601351136e+02 5.253544965791504637e+02 9.999333346666549716e+00
7.700000000000000000e+01 2.504740569762135749e+02 5.153884293574783442e+02 9.999333346666547939e+00
7.800000000000000000e+01 2.500582780717679157e+02 5.053977439315239621e+02 9.999333346666547939e+00
7.900000000000000000e+01 2.500423526043504125e+02 4.953984232667365291e+02 9.999333346666547939e+00
8.000000000000000000e+01 2.504263060513117125e+02 4.854064641431049836e+02 9.999333346666547939e+00
8.100000000000000000e+01 2.512095241690423961e+02 4.754378515637228020e+02 9.999333346666546163e+00
8.200000000000000000e+01 2.523907539756317249e+02 4.655085331821931618e+02 9.999333346666560374e+00
8.300000000000000000e+01 2.539681057553713686e+02 4.556343937897848377e+02 9.999333346666542610e+00
8.400000000000000000e+01 2.559390560818975189e+02 4.458312299031550765e+02 9.999333346666434252e+00
8.500000000000000000e+01 2.583004518551347246e+02 4.361147244932922149e+02 9.999333346666547939e+00
8.600000000000000000e+01 2.610485153455833824e+02 4.265004218961080937e+02 9.999333346666563926e+00
8.700000000000000000e+01 2.641788502378810790e+02 4.170037029448164958e+02 9.999333346666533728e+00
8.800000000000000000e+01 2.676864486639691449e+02 4.076397603638807254e+02 9.999333346666549716e+00
8.900000000000000000e+01 2.715656992146138009e+02 3.984235744638958181e+02 9.999333346666555045e+00
9.000000000000000000e+01 2.758103959164632215e+02 3.893698891762869039e+02 9.999333346666539057e+00
9.100000000000000000e+01 2.804137481602815569e+02 3.804931884661642698e+02 9.999333346666563926e+00
9.200000000000000000e+01 2.853683915644745639e+02 3.718076731610690331e+02 9.999333346666512412e+00
9.300000000000000000e+01 2.906663997565299837e+02 3.633272382326782122e+02 9.999333346666558597e+00
9.400000000000000000e+01 2.962992970535219683e+02 3.550654505678141959e+02 9.999333346666569255e+00
9.500000000000000000e+01 3.022580720213958330e+02 3.470355272643201943e+02 9.999333346666533728e+00
9.600000000000000000e+01 3.085331918913406639e+02 3.392503144865228251e+02 9.999333346666462674e+00
9.700000000000000000e+01 3.151146178101853366e+02 3.317222669141095821e+02 9.999333346666531952e+00
9.800000000000000000e+01 3.219918209004224536e+02 3.244634278172986797e+02 9.999333346666560374e+00
9.900000000000000000e+01 3.291537991041659552e+02 3.174854097901751402e+02 9.999333346666530176e+00
1.000000000000000000e+02 3.365890947840970284e+02 3.107993761730179472e+02 9.999333346666558597e+00
1.010000000000000000e+02 3.442858130532396217e+02 3.044160231933368550e+02 9.999333346666526623e+00
1.020000000000000000e+02 3.522316408042421472e+02 2.983455628541898932e+02 9.999333346666571032e+00
1.030000000000000000e+02 3.604138664077224803e+02 2.925977065971572983e+02 9.999333346666558597e+00
1.040000000000000000e+02 3.688194000481634021e+02 2.871816497661063750e+02 9.999333346666521294e+00
1.050000000000000000e+02 3.774347946648251195e+02 2.821060568966029791e+02 9.999333346666549716e+00
1.060000000000000000e+02 3.862462674641737976e+02 2.773790478545029146e+02 9.999333346666562150e+00
1.070000000000000000e+02 3.952397219694111072e+02 2.730081848458986542e+02 9.999333346666546163e+00
1.080000000000000000e+02 4.044007705718299235e+02 2.690004603192030572e+02 9.999333346666551492e+00
1.090000000000000000e+02 4.137147575479192483e+02 2.653622857787230487e+02 9.999333346666551492e+00
1.100000000000000000e+02 4.231667825053951901e+02 2.620994815276209806e+02 9.999333346666547939e+00
1.110000000000000000e+02 4.327417242206502124e+02 2.592172673566708454e+02 9.999333346666549716e+00
1.120000000000000000e+02 4.424242648294853097e+02 2.567202541937065234e+02 9.999333346666551492e+00
1.130000000000000000e+02 4.521989143324248062e+02 2.546124367271211213e+02 9.999333346666544386e+00
1.140000000000000000e+02 4.620500353754113121e+02 2.528971870152173551e+02 9.999333346666547939e+00
1.150000000000000000e+02 4.719618682662364790e+02 2.515772490916338597e+02 9.999333346666551492e+00
1.160000000000000000e+02 4.819185561866863736e+02 2.506547345754766809e+02 9.999333346666327671e+00
1.170000000000000000e+02 4.919041705600687919e+02 2.501311192931789833e+02 9.999333346666547939e+00
1.180000000000000000e+02 5.019027365335369950e+02 2.500072409174938741e+02 9.999333346666547939e+00
1.190000000000000000e+02 5.118982585344469385e+02 2.502832976273964505e+02 9.999333346666549716e+00
1.200000000000000000e+02 5.218747458598616049e+02 2.509588477910398296e+02 9.999333346666547939e+00
1.210000000000000000e+02 5.318162382582639793e+02 2.520328106722718360e+02 9.999333346666544386e+00
1.220000000000000000e+02 5.417068314625554422e+02 2.535034681595824111e+02 9.999333346666547939e+00
1.230000000000000000e+02 5.515307026334895681e+02 2.553684675147153769e+02 9.999333346666551492e+00
1.240000000000000000e+02 5.612721356728404771e+02 2.576248251365477699e+02 9.999333346666547939e+00
1.250000000000000000e+02 5.709155463658065628e+02 2.602689313342153810e+02 9.999333346666560374e+00
1.260000000000000000e+02 5.804455073124304363e+02 2.632965561018477274e+02 9.999333346666526623e+00
1.270000000000000000e+02 5.898467726081473756e+02 2.667028558856756035e+02 9.999333346666574585e+00
1.280000000000000000e+02 5.991043022339806612e+02 2.704823813326833033e+02 9.999333346666549716e+00
1.290000000000000000e+02 6.082032861173630636e+02 2.746290860084112637e+02 9.999333346666544386e+00
1.300000000000000000e+02 6.171291678250943278e+02 2.791363360699617147e+02 9.999333346666535505e+00
1.310000000000000000e+02 6.258676678505285054e+02 2.839969208787314301e+02 9.999333346666542610e+00
1.320000000000000000e+02 6.344048064577390278e+02 2.892030645358958054e+02 9.999333346666533728e+00
1.330000000000000000e+02 6.427269260461133626e+02 2.947464383221882258e+02 9.999333346666555045e+00
1.340000000000000000e+02 6.508207129996009144e+02 3.006181740220739016e+02 9.999333346666528399e+00
1.350000000000000000e+02 6.586732189856586501e+02 3.068088781110031960e+02 9.999333346666583466e+00
1.360000000000000000e+02 6.662718816698206865e+02 3.133086467830469246e+02 9.999333346666535505e+00
1.370000000000000000e+02 6.736045448127540567e+02 3.201070817948731246e+02 9.999333346666555045e+00
1.380000000000000000e+02 6.806594777176480875e+02 3.271933071007183571e+02 9.999333346666560374e+00
1.390000000000000000e+02 6.874253939968269833e+02 3.345559862517407623e+02 9.999333346666546163e+00
1.400000000000000000e+02 6.938914696275625147e+02 3.421833405319197823e+02 9.999333346666558597e+00
1.410000000000000000e+02 7.000473602682013734e+02 3.500631678014890440e+02 9.999333346666306355e+00
1.420000000000000000e+02 7.058832178069054635e+02 3.581828620177578273e+02 9.999333346666555045e+00
1.430000000000000000e+02 7.113897061165291689e+02 3.665294334020888982e+02 9.999333346666547939e+00
1.440000000000000000e+02 7.165580159904320681e+02 3.750895292207744092e+02 9.999333346666569255e+00
1.450000000000000000e+02 7.213798792353297813e+02 3.838494551465606719e+02 9.999333346666530176e+00
1.460000000000000000e+02 7.258475818986396462e+02 3.927951971666510644e+02 9.999333346666555045e+00
1.470000000000000000e+02 7.299539766091597812e+02 4.019124440021365672e+02 9.999333346666551492e+00
1.480000000000000000e+02 7.336924940113372031e+02 4.111866100029893687e+02 9.999333346666549716e+00
1.490000000000000000e+02 7.370571532748364234e+02 4.206028584819912908e+02 9.999333346666549716e+00
1.500000000000000000e+02 7.400425716625915129e+02 4.301461254502685279e+02 9.999333346666539057e+00
1.510000000000000000e+02 7.426439731420373391e+02 4.398011437164602171e+02 9.999333346666551492e+00
1.520000000000000000e+02 7.448571960257427236e+02 4.495524673109677565e+02 9.999333346666551492e+00
1.530000000000000000e+02 7.466786996292230469e+02 4.593844961962114439e+02 9.999333346666544386e+00
1.540000000000000000e+02 7.481055699352791635e+02 4.692815012233625112e+02 9.999333346666555045e+00
1.550000000000000000e+02 7.491355242558043983e+02 4.792276492956258949e+02 9.999333346666544386e+00
1.560000000000000000e+02 7.497669148835975648e+02 4.892070286978178046e+02 9.999333346666549716e+00
1.570000000000000000e+02 7.499987317283438415e+02 4.992036745517154941e+02 9.999333346666549716e+00
1.580000000000000000e+02 7.498306039325431129e+02 5.092015943564567237e+02 9.999333346666547939e+00
1.590000000000000000e+02 7.492628004648033766e+02 5.191847935731296957e+02 9.999333346666549716e+00
1.600000000000000000e+02 7.482962296895481131e+02 5.291373012126233562e+02 9.999333346666547939e+00
1.610000000000000000e+02 7.469324379138270160e+02 5.390431953858029601e+02 9.999333346666546163e+00
1.620000000000000000e+02 7.451736069135542948e+02 5.488866287751360460e+02 9.999333346666546163e+00
1.630000000000000000e+02 7.430225504431332411e+02 5.586518539870202176e+02 9.999333346666546163e+00
1.640000000000000000e+02 7.404827097340489672e+02 5.683232487442533056e+02 9.999333346666569255e+00
1.650000000000000000e+02 7.375581479896322890e+02 5.778853408783446639e+02 9.999333346666542610e+00
1.660000000000000000e+02 7.342535438848009335e+02 5.873228330816839389e+02 9.999333346666546163e+00
1.670000000000000000e+02 7.305741840811781458e+02 5.966206273799698465e+02 9.999333346666317013e+00
1.680000000000000000e+02 7.265259547695612810e+02 6.057638492857491883e+02 9.999333346666551492e+00
1.690000000000000000e+02 7.221153322532728680e+02 6.147378715944225860e+02 9.999333346666547939e+00
1.700000000000000000e+02 7.173493725874562870e+02 6.235283377846520807e+02 9.999333346666558597e+00
1.710000000000000000e+02 7.122357002908930781e+02 6.321211849857327252e+02 9.999333346666556821e+00
1.720000000000000000e+02 7.067824961483991046e+02 6.405026664751858334e+02 9.999333346666553268e+00
1.730000000000000000e+02 7.009984841233142561e+02 6.486593736705822266e+02 9.999333346666537281e+00
1.740000000000000000e+02 6.948929174010219185e+02 6.565782575804139469e+02 9.999333346666533728e+00
1.750000000000000000e+02 6.884755635858261940e+02 6.642466496796972706e+02 9.999333346666585243e+00
1.760000000000000000e+02 6.817566890748689730e+02 6.716522821769095799e+02 9.999333346666512412e+00
1.770000000000000000e+02 6.747470426340844369e+02 6.787833076398394496e+02 9.999333346666540834e+00
1.780000000000000000e+02 6.674578382024662915e+02 6.856283179489504391e+02 9.999333346666555045e+00
1.790000000000000000e+02 6.599007369521576720e+02 6.921763625479389930e+02 9.999333346666547939e+00
1.800000000000000000e+02 6.520878286330636229e+02 6.984169659622882591e+02 9.999333346666537281e+00
1.810000000000000000e+02 6.440316122318297403e+02 7.043401445577932236e+02 9.999333346666571032e+00
1.820000000000000000e+02 6.357449759761301493e+02 7.099364225122449170e+02 9.999333346666523070e+00
1.830000000000000000e+02 6.272411767162525393e+02 7.151968469747254176e+02 9.999333346666547939e+00
1.840000000000000000e+02 6.185338187169655839e+02 7.201130023882585647e+02 9.999333346666558597e+00
1.850000000000000000e+02 6.096368318935975594e+02 7.246770239529066657e+02 9.999333346666549716e+00
1.860000000000000000e+02 6.005644495271432106e+02 7.288816102077723826e+02 9.999333346666531952e+00
1.870000000000000000e+02 5.913311854940504873e+02 7.327200347117784531e+02 9.999333346666569255e+00
1.880000000000000000e+02 5.819518110471143473e+02 7.361861568045385411e+02 9.999333346666555045e+00
1.890000000000000000e+02 5.724413311846235501e+02 7.392744314301043005e+02 9.999333346666544386e+00
1.900000000000000000e+02 5.628149606455637013e+02 7.419799180078716745e+02 9.999333346666551492e+00
1.910000000000000000e+02 5.530880995692813258e+02 7.442982883364556983e+02 9.999333346666544386e+00
1.920000000000000000e+02 5.432763088585454625e+02 7.462258335178902371e+02 9.999333346666334776e+00
1.930000000000000000e+02 5.333952852854225739e+02 7.477594698910725128e+02 9.999333346666544386e+00
1.940000000000000000e+02 5.234608363797906350e+02 7.488967439649636617e+02 9.999333346666547939e+00
1.950000000000000000e+02 5.134888551406623947e+02 7.496358363436512491e+02 9.999333346666549716e+00
1.960000000000000000e+02 5.034952946107782168e+02 7.499755646369937949e+02 9.999333346666547939e+00
1.970000000000000000e+02 4.934961423551397957e+02 7.499153853521935389e+02 9.999333346666547939e+00
1.980000000000000000e+02 4.835073948843175344e+02 7.494553947632686004e+02 9.999333346666549716e+00
1.990000000000000000e+02 4.735450320634456034e+02 7.485963287570350531e+02 9.999333346666546163e+00
2.000000000000000000e+02 4.636249915478466050e+02 7.473395616558455004e+02 9.999333346666555045e+00
2.010000000000000000e+02 4.537631432861829239e+02 7.456871040189654423e+02 9.999333346666761102e+00
2.020000000000000000e+02 4.439752641319250870e+02 7.436415994261087690e+02 9.999333346666334776e+00
2.030000000000000000e+02 4.342770126037494833e+02 7.412063202482727320e+02 9.999333346666755773e+00
2.040000000000000000e+02 4.246839038352521243e+02 7.383851624126435809e+02 9.999333346666320566e+00
2.050000000000000000e+02 4.152112847540413441e+02 7.351826391699432861e+02 9.999333346666334776e+00
2.060000000000000000e+02 4.058743095299291781e+02 7.316038738741915495e+02 9.999333346666764655e+00
2.070000000000000000e+02 3.966879153314931159e+02 7.276545917864325475e+02 9.999333346666322342e+00
2.080000000000000000e+02 3.876667984297903331e+02 7.233411109155380245e+02 9.999333346666771760e+00
2.090000000000000000e+02 3.788253906874619474e+02 7.186703319107413108e+02 9.999333346666333000e+00
2.100000000000000000e+02 3.701778364708285949e+02 7.136497270220701239e+02 9.999333346666782418e+00
2.110000000000000000e+02 3.617379700219244683e+02 7.082873281463414514e+02 9.999333346666334776e+00
2.120000000000000000e+02 3.535192933266582713e+02 7.025917139778387082e+02 9.999333346666750444e+00
2.130000000000000000e+02 3.455349545145188586e+02 6.965719962842323412e+02 9.999333346666329447e+00
2.140000000000000000e+02 3.377977268243703293e+02 6.902378053296936287e+02 9.999333346666748668e+00
2.150000000000000000e+02 3.303199881699969183e+02 6.835992744685283924e+02 9.999333346666341882e+00
2.160000000000000000e+02 3.231137013380791814e+02 6.766670239339695172e+02 9.999333346666785971e+00
2.170000000000000000e+02 3.161903948502896355e+02 6.694521438480717279e+02 9.999333346666333000e+00
2.180000000000000000e+02 3.095611445201149081e+02 6.619661764798793229e+02 9.999333346666762878e+00
2.190000000000000000e+02 3.032365557339190900e+02 6.542210977802611751e+02 9.999333346666324118e+00
2.200000000000000000e+02 2.972267464845859877e+02 6.462292982229404288e+02 9.999333346666773537e+00
2.210000000000000000e+02 2.915413311848907938e+02 6.380035629823831869e+02 9.999333346666341882e+00
2.220000000000000000e+02 2.861894052864885225e+02 6.295570514802437856e+02 9.999333346666775313e+00
2.230000000000000000e+02 2.811795307291338872e+02 6.209032763330999387e+02 9.999333346666308131e+00
2.240000000000000000e+02 2.765197222434019295e+02 6.120560817351462219e+02 9.999333346666753997e+00
2.250000000000000000e+02 2.722174345288307791e+02 6.030296213104390972e+02 9.999333346666317013e+00
2.260000000000000000e+02 2.682795503279908758e+02 5.938383354701152257e+02 9.999333346666796629e+00
2.270000000000000000e+02 2.647123694155668545e+02 5.844969283108168838e+02 9.999333346666313460e+00
2.280000000000000000e+02 2.615215985200602518e+02 5.750203440912707720e+02 9.999333346666759326e+00
2.290000000000000000e+02 2.587123421942426376e+02 5.654237433246656792e+02 9.999333346666329447e+00
2.300000000000000000e+02 2.562890946489590078e+02 5.557224785250614332e+02 9.999333346666796629e+00
2.310000000000000000e+02 2.542557325633501648e+02 5.459320696466456866e+02 9.999333346666317013e+00
2.320000000000000000e+02 2.526155088829921453e+02 5.360681792551142735e+02 9.999333346666327671e+00
2.330000000000000000e+02 2.513710476158777851e+02 5.261465874709087984e+02 9.999333346666768207e+00
2.340000000000000000e+02 2.505243396345636597e+02 5.161831667243915263e+02 9.999333346666325895e+00
2.350000000000000000e+02 2.500767394911983672e+02 5.061938563633394210e+02 9.999333346666771760e+00
2.360000000000000000e+02 2.500289632505284487e+02 4.961946371533920797e+02 9.999333346666325895e+00
2.370000000000000000e+02 2.503810873443472076e+02 4.862015057122313806e+02 9.999333346666768207e+00
2.380000000000000000e+02 2.511325484492203088e+02 4.762304489184097633e+02 9.999333346666327671e+00
2.390000000000000000e+02 2.522821443876832177e+02 4.662974183357511038e+02 9.999333346666775313e+00
2.400000000000000000e+02 2.538280360514682457e+02 4.564183046942550845e+02 9.999333346666327671e+00
2.410000000000000000e+02 2.557677503436862025e+02 4.466089124683153386e+02 9.999333346666766431e+00
2.420000000000000000e+02 2.580981841352529500e+02 4.368849345929354513e+02 9.999333346666317013e+00
2.430000000000000000e+02 2.608156092292350081e+02 4.272619273583773065e+02 9.999333346666775313e+00
2.440000000000000000e+02 2.639156783251680167e+02 4.177552855234182516e+02 9.999333346666322342e+00
2.450000000000000000e+02 2.673934319738116869e+02 4.083802176870178755e+02 9.999333346666771760e+00
2.460000000000000000e+02 2.712433065112090276e+02 3.991517219578075810e+02 9.999333346666318789e+00
2.470000000000000000e+02 2.754591429593633620e+02 3.900845619603124987e+02 9.999333346666771760e+00
2.480000000000000000e+02 2.800341968792877196e+02 3.811932432163050635e+02 9.999333346666325895e+00
2.490000000000000000e+02 2.849611491606700611e+02 3.724919899390613978e+02 9.999333346666782418e+00
2.500000000000000000e+02 2.902321177308868982e+02 3.639947222776575018e+02 9.999333346666347211e+00
2.510000000000000000e+02 2.958386701646396091e+02 3.557150340476972019e+02 9.999333346666768207e+00
2.520000000000000000e+02 3.017718371740344310e+02 3.476661709841097263e+02 9.999333346666320566e+00
2.530000000000000000e+02 3.080221269575316683e+02 3.398610095507970641e+02 9.999333346666771760e+00
2.540000000000000000e+02 3.145795403848012484e+02 3.323120363410407663e+02 9.999333346666331224e+00
2.550000000000000000e+02 3.214335869932002652e+02 3.250313281016141218e+02 9.999333346666761102e+00
2.560000000000000000e+02 3.285733017702733605e+02 3.180305324125658331e+02 9.999333346666318789e+00
2.570000000000000000e+02 3.359872626954355610e+02 3.113208490535747615e+02 9.999333346666327671e+00
2.580000000000000000e+02 3.436636090127674379e+02 3.049130120866921061e+02 9.999333346666777089e+00
2.590000000000000000e+02 3.515900602056938169e+02 2.988172726841332292e+02 9.999333346666333000e+00
2.600000000000000000e+02 3.597539356431927899e+02 2.930433827285866073e+02 9.999333346666743338e+00
2.610000000000000000e+02 3.681421748660976050e+02 2.876005792122840603e+02 9.999333346666357869e+00
2.620000000000000000e+02 3.767413584810478255e+02 2.824975694597818006e+02 9.999333346666753997e+00
2.630000000000000000e+02 3.855377296286535511e+02 2.777425171981001881e+02 9.999333346666324118e+00
2.640000000000000000e+02 3.945172159915383645e+02 2.733430294965005487e+02 9.999333346666757549e+00
2.650000000000000000e+02 4.036654523070425853e+02 2.693061445967983900e+02 9.999333346666331224e+00
2.660000000000000000e+02 4.129678033485818105e+02 2.656383206536767148e+02 9.999333346666768207e+00
2.670000000000000000e+02 4.224093873388844145e+02 2.623454254030174866e+02 9.999333346666324118e+00
2.680000000000000000e+02 4.319750997576639975e+02 2.594327267747746077e+02 9.999333346666775313e+00
2.690000000000000000e+02 4.416496375056261741e+02 2.569048844654109871e+02 9.999333346666338329e+00
2.700000000000000000e+02 4.514175233861662946e+02 2.547659424833771027e+02 9.999333346666771760e+00
2.710000000000000000e+02 4.612631308655791713e+02 2.530193226795611281e+02 9.999333346666327671e+00
2.720000000000000000e+02 4.711707090721828877e+02 2.516678192730565797e+02 9.999333346666768207e+00
2.730000000000000000e+02 4.811244079943499514e+02 2.507135943810087326e+02 9.999333346666327671e+00
2.740000000000000000e+02 4.911083038371482417e+02 2.501581745596876090e+02 9.999333346666768207e+00
2.750000000000000000e+02 5.011064244970127106e+02 2.500024483623241451e+02 9.999333346666327671e+00
2.760000000000000000e+02 5.111027751137069686e+02 2.502466649176142823e+02 9.999333346666769984e+00
2.770000000000000000e+02 5.210813636586846087e+02 2.508904335311662805e+02 9.999333346666325895e+00
2.780000000000000000e+02 5.310262265189264781e+02 2.519327243105284992e+02 9.999333346666771760e+00
2.790000000000000000e+02 5.409214540353129905e+02 2.533718698127973710e+02 9.999333346666324118e+00
2.800000000000000000e+02 5.507512159546880639e+02 2.552055677121707618e+02 9.999333346666780642e+00
2.810000000000000000e+02 5.604997867548837576e+02 2.574308844831774650e+02 9.999333346666313460e+00
2.820000000000000000e+02 5.701515708022045601e+02 2.600442600936929693e+02 9.999333346666318789e+00
2.830000000000000000e+02 5.796911273011126013e+02 2.630415137002308938e+02 9.999333346666787747e+00
2.840000000000000000e+02 5.891031949962055023e+02 2.664178503364005337e+02 9.999333346666311684e+00
2.850000000000000000e+02 5.983727165869727287e+02 2.701678685838310798e+02 9.999333346666771760e+00
2.860000000000000000e+02 6.074848628162607156e+02 2.742855692132875447e+02 9.999333346666338329e+00
2.870000000000000000e+02 6.164250561939242061e+02 2.787643647821590775e+02 9.999333346666762878e+00
2.880000000000000000e+02 6.251789943176977431e+02 2.835970901729605202e+02 9.999333346666327671e+00
2.890000000000000000e+02 6.337326727539913236e+02 2.887760140559934712e+02 9.999333346666777089e+00
2.900000000000000000e+02 6.420724074419933913e+02 2.942928512578228037e+02 9.999333346666302802e+00
2.910000000000000000e+02 6.501848565852525326e+02 3.001387760157884941e+02 9.999333346666785971e+00
2.920000000000000000e+02 6.580570419957022068e+02 3.063044360973415223e+02 9.999333346666327671e+00
2.930000000000000000e+02 6.656763698559964268e+02 3.127799677616226290e+02 9.999333346666798406e+00
2.940000000000000000e+02 6.730306508669279992e+02 3.195550115393412511e+02 9.999333346666292144e+00
2.950000000000000000e+02 6.801081197477096794e+02 3.266187288057194564e+02 9.999333346666800182e+00
2.960000000000000000e+02 6.868974540579110908e+02 3.339598191199762027e+02 9.999333346666301026e+00
2.970000000000000000e+02 6.933877923109505446e+02 3.415665383036252933e+02 9.999333346666796629e+00
2.980000000000000000e+02 6.995687513501543435e+02 3.494267172286522509e+02 9.999333346666302802e+00
2.990000000000000000e+02 7.054304429595945294e+02 3.575277812855265438e+02 9.999333346666791300e+00
3.000000000000000000e+02 7.109634896831230435e+02 3.658567704998912404e+02 9.999333346666327671e+00
